1360
169,731,174;641
169,731,174;940
608,300;152
608,300;842
152,842;608
152,842;300
1225;1099
1099;1225
1113,1245;1243
1113,1245;975
1243,975;1113
1243,975;1245
997;744
744;997
963;1253
1253;963
286;237
1008,161,731,1036;691
1008,161,731,1036;974
1008,161,731,1036;1150
153,1150;731
153,1150;694
731,694;153
731,694;1150
265;400
400;265
1026;1253
1253;1026
1033,691;1008
1033,691;153
1008,153;1033
1008,153;691
486;828
486;29
1150,771,731;842
1150,771,731;1212
1150,771,731;446
1073,627;955
1073,627;731
1073,627;1015
6,1167;417
6,1167;731
6,1167;884
833,385;888
833,385;731
833,385;215
886;700
700;886
1112,1037;1296
1112,1037;795
1112,1037;687
771,261,1150;305
771,261,1150;842
771,261,1150;731
771,261,1150;446
886;1155
1155;886
1346,628,5;1115
1346,628,5;772
1346,628,5;415
1206;1259
1259;1206
856;997
997;856
137,771;446
137,771;791
446,791;137
446,791;771
161,131,1150;953
161,131,1150;291
161,131,1150;29
585,137;860
585,137;791
860,791;585
860,791;137
771,510;804
771,510;446
804,446;771
804,446;510
1316,510;804
1316,510;791
804,791;1316
804,791;510
585,510;860
585,510;804
860,804;585
860,804;510
1289,1235;27
1289,1235;612
1289,1235;1071
264;53
53;264
137,1290;1090
137,1290;791
1090,791;137
1090,791;1290
152,899,675;608
152,899,675;565
152,899,675;1055
608,565,1055;152
608,565,1055;899
608,565,1055;675
137,1316;791
791;137
791;1316
376,137;804
376,137;791
804,791;376
804,791;137
137,677;1193
137,677;791
1193,791;137
1193,791;677
1121;657
972,1110;944
972,1110;1078
944,1078;972
944,1078;1110
1049;952
952;1049
511;556
556;511
1130;1099
1099;1130
756,501;505
756,501;247
555,972;448
555,972;944
448,944;555
448,944;972
509;842
842;509
236;1231
947;1308
947;29
522,247;1268
522,247;1039
394,203;1305
394,203;487
394,203;1319
394,203;743
224,1027,1188;1249
224,1027,1188;1061
1249,1061;224
1249,1061;1027
1249,1061;1188
771,949;904
771,949;731
771,949;446
1140;1102
1102;1140
588;811
588;886
1056,944;972
1056,944;943
1171,1047;794
1171,1047;731
1171,1047;1090
1297;1344
1344;1297
201,675;218
201,675;607
848,1042;886
848,1042;23
899,60;1187
899,60;1188
899,60;565
1233,1114,1188,533;281
1233,1114,1188,533;883
1233,1114,1188,533;911
971,604,1150;731
971,604,1150;147
971,604,1150;886
81,1142,1150;731
81,1142,1150;1343
81,1142,1150;455
731,1343,263;81
731,1343,263;34
81,34;731
81,34;1343
81,34;263
172,911;800
172,911;1114
1008,731,974;691
1008,731,974;1036
452;919
919;452
1008,731,1036;691
1008,731,1036;1020
425;240
240;425
432,214;466
432,214;173
470,1150;1147
470,1150;404
470,1150;731
81,1246;731
81,1246;134
81,1246;1343
731,134,1343;81
731,134,1343;1246
1213;823
1246;1202
1146;221
691,997;504
691,997;1008
691,997;731
504,1008,731;691
504,1008,731;997
1120,369;128
1120,369;224
1120,369;1188
128,224,1188;1120
128,224,1188;369
1053;1280
1280;1053
731,1134;1188
731,1134;237
1188,237;731
1188,237;1134
404,1150;731
404,1150;76
404,1150;1077
630,1071;197
630,1071;703
197,703;630
197,703;1071
74,238;354
74,238;886
848,384;886
848,384;110
635,687;731
635,687;716
731,716;635
731,716;687
315,675;549
315,675;607
793;755
785,731,214;849
785,731,214;138
785,731,214;886
622;799
799;622
1008,161,731,196;691
1008,161,731,196;212
1008,161,731,196;1179
1008,161,731,196;893
1008,161,731,196;1150
1120,985;128
1120,985;1188
1120,985;285
128,1188,285;1120
128,1188,285;985
443;642
1067;1275
1275;1067
657;796
796;657
904,731,1150;770
904,731,1150;29
161,1220,1150;291
161,1220,1150;460
161,1220,1150;29
291,460,29;161
291,460,29;1220
291,460,29;1150
778,172;74
778,172;886
731,940;138
731,940;1053
354,731,1316;640
354,731,1316;922
1183,687;1313
1183,687;731
328,1188;731
328,1188;1132
731,1132;328
731,1132;1188
344,1120;128
344,1120;834
344,1120;1188
128,834,1188;344
128,834,1188;1120
165;228
228;165
1131;411
411;1131
842,924;817
842,924;554
817,554;842
817,554;924
197,414;509
197,414;1071
842,422;1257
842,422;789
1257,789;842
1257,789;422
842,949;817
842,949;789
817,789;842
817,789;949
474,675;808
474,675;607
848,533;709
848,533;886
434,1150;731
434,1150;780
434,1150;718
161,731,37,1343;81
161,731,37,1343;644
161,731,37,1343;1150
161,490,731,1343;81
161,490,731,1343;1150
161,490,731,1343;1327
80;524
524;80
161,731,644,1343;81
161,731,644,1343;1150
161,731,644,1343;1327
1282,771;1329
1282,771;731
1282,771;446
161,731,37,1343;81
161,731,37,1343;1150
161,731,37,1343;855
161,731,37,1343;81
161,731,37,1343;490
161,731,37,1343;1150
63;777
777;63
618;500
500;618
802,1311;769
802,1311;1013
161,1042,731,1343;81
161,1042,731,1343;1150
161,1042,731,1343;783
161,731,1343,855;81
161,731,1343,855;1150
161,731,1343,855;1327
1120,98,675,911,310;128
1120,98,675,911,310;1114
1120,98,675,911,310;1188
1120,98,675,911,310;477
1329,1150;1282
1329,1150;842
771,595,1150,15;904
771,595,1150,15;940
771,595,1150,15;81
771,595,1150,15;922
771,595,1150,15;731
771,1326;1329
771,1326;731
771,1326;446
376,223;688
376,223;33
961,10;837
961,10;126
837,126;961
837,126;10
990,663;88
990,663;1169
990,663;1071
990,663;31
1290,787,731;922
1290,787,731;738
194;1092
1092;194
296,1291;1216
296,1291;1356
296,1291;351
1077,1150;1131
1077,1150;172
1077,1150;731
842,364;817
842,364;959
817,959;842
817,959;364
179,302,1119;1288
179,302,1119;699
208,842;1257
208,842;959
1257,959;208
1257,959;842
130,842;817
130,842;113
817,113;130
817,113;842
310,1310;371
310,1310;1188
310,1310;1187
771,932,886;842
771,932,886;604
771,932,886;446
771,932,886;588
1113,1270;1091
1113,1270;1243
1091,1243;1113
1091,1243;1270
273;129
129;273
744,1235;402
744,1235;27
744,1235;1071
402,27,1071;744
402,27,1071;1235
560,310;178
560,310;1243
939,854;347
939,854;157
424,691;1008
424,691;682
424,691;731
1008,682,731;424
1008,682,731;691
232;467
706,1150;828
706,1150;29
706,1150;287
609,771,731;922
609,771,731;595
1267,631;763
1267,631;804
427;459
459;427
225;190
758;601
1024;1303
1303;1024
1235;81
46;1228
1228;46
97,771,886;904
97,771,886;922
97,771,886;1123
904,922,1123;97
904,922,1123;771
904,922,1123;886
1260;722
1260;183
1120,675,549,911,310;128
1120,675,549,911,310;1188
1120,675,549,911,310;1114
1120,675,549,911,310;477
1120,675,549,911,310;894
1120,675,911,1264,310;128
1120,675,911,1264,310;1188
1120,675,911,1264,310;295
1120,675,911,1264,310;1114
1120,675,911,1264,310;477
928,771,886;904
928,771,886;922
928,771,886;1247
904,922,1247;928
904,922,1247;771
904,922,1247;886
371,310;608
371,310;1188
296,351;1356
296,351;591
771,886,1207;904
771,886,1207;458
771,886,1207;922
904,458,922;771
904,458,922;886
904,458,922;1207
771,28,886;904
771,28,886;922
771,28,886;86
904,922,86;771
904,922,86;28
904,922,86;886
81,508;242
81,508;731
81,508;1343
161,325,1150;827
161,325,1150;291
161,325,1150;29
1346,1155,5,312,699;722
1346,1155,5,312,699;179
1346,1155,5,312,699;341
1346,1155,5,312,699;1119
1346,1155,5,312,699;415
1298,899;565
565;1298
565;899
910;948
1120,675,520,911,310;128
1120,675,520,911,310;1188
1120,675,520,911,310;654
1120,675,520,911,310;1114
1120,675,520,911,310;477
169,298;915
169,298;940
915,940;169
915,940;298
1023;1048
1023;477
1112,50;951
1112,50;349
1112,50;687
1315;1276
1307;1082
1082;1307
1285;1331
1331;1285
691,1150,863;1008
691,1150,863;337
691,1150,863;731
1008,337,731;691
1008,337,731;1150
1008,337,731;863
344,883;1256
344,883;1233
344,883;1061
1008,731,864;691
1008,731,864;1317
291,1317;864
291,1317;1150
864,1150;291
864,1150;1317
1062,895;1197
1062,895;526
1197,526;1062
1197,526;895
428;461
461;428
944,1206;1259
944,1206;972
1259,972;944
1259,972;1206
961,771,359;842
961,771,359;731
961,771,359;1317
961,771,359;446
771,420;446
771,420;1231
446,1231;771
446,1231;420
477;938
477;675
938,675;477
1298,483;749
1298,483;565
749,565;1298
749,565;483
161,468;185
161,468;138
1120,675,654,911,310;128
1120,675,654,911,310;1114
1120,675,654,911,310;1188
1120,675,654,911,310;477
1112,1177;1080
1112,1177;1032
1112,1177;687
1112,166;795
1112,166;908
1112,166;687
161,1228,598;779
161,1228,598;22
899,1243;372
899,1243;565
1319;1088
1088;1319
1282,1150;465
1282,1150;842
344,1120;1256
344,1120;1061
344,1120;128
1164;839
839;1164
731,1316,710;672
731,1316,710;922
731,174;186
731,174;138
233,899,675;608
233,899,675;245
233,899,675;565
608,245,565;233
608,245,565;899
608,245,565;675
314,1150;297
314,1150;731
297,731;314
297,731;1150
162,423;1122
162,423;231
1122,231;162
1122,231;423
1218;1062
1062;1218
876,463;721
876,463;38
721,38;876
721,38;463
1094;1129
1129;1094
161,1150,55;217
161,1150,55;842
161,1150,55;83
161,1150,55;731
161,731,1325;138
161,731,1325;835
161,731,1325;1150
819;353
353;819
350;393
56,713,1346,1119;1089
56,713,1346,1119;557
56,713,1346,1119;5
312,1346,179,1119;1035
312,1346,179,1119;699
312,1346,179,1119;5
1358,771,972,1150;1217
1358,771,972,1150;842
1358,771,972,1150;944
1358,771,972,1150;731
1358,771,972,1150;446
1323,1155;584
1323,1155;1335
1145,247;25
1145,247;1268
32;4
4;32
1244;1074
876,1271;714
876,1271;38
714,38;876
714,38;1271
937;914
161,1228;274
1003;1245
1245;1003
571,907;700
571,907;622
700,622;571
700,622;907
1346,179,346,1119;699
1346,179,346,1119;348
1346,179,346,1119;5
1174;1227
1227;1174
555,771,886;904
555,771,886;922
555,771,886;644
192,771,1150;922
192,771,1150;842
192,771,1150;6
944,423;972
944,423;231
673,876;38
673,876;655
38,655;673
38,655;876
21;42
42;21
354,1150;842
354,1150;780
572;1240
1240;572
162,1172;1201
162,1172;1122
1201,1122;162
1201,1122;1172
771,886,1275;904
771,886,1275;922
771,886,1275;1042
904,922,1042;771
904,922,1042;886
904,922,1042;1275
1210,731,999;940
1210,731,999;358
754,771,886;904
754,771,886;922
754,771,886;1327
904,922,1327;754
904,922,1327;771
904,922,1327;886
219,876;38
219,876;366
38,366;219
38,366;876
433;62
217,940;192
217,940;169
234,310;1023
1023;234
1023;310
1009,771;731
1009,771;446
1009,771;142
339,731;138
339,731;317
217,731,15;192
217,731,15;940
1059,972;1040
1059,972;563
1040,563;1059
1040,563;972
105,989,1071;913
105,989,1071;125
913,125;105
913,125;989
913,125;1071
360,675,1120;128
360,675,1120;1061
360,675,1120;847
922,684;104
922,684;75
104,75;922
104,75;684
698,731,446;771
698,731,446;915
155,1188,117;1304
155,1188,117;371
771,1293,886;904
771,1293,886;922
771,1293,886;533
904,922,533;771
904,922,533;1293
904,922,533;886
1331,771,886;904
1331,771,886;922
1331,771,886;783
904,922,783;1331
904,922,783;771
904,922,783;886
771,316,886;904
771,316,886;1241
771,316,886;922
904,1241,922;771
904,1241,922;316
904,1241,922;886
792;913
913;792
334;83
83;334
8,261;459
8,261;886
281,261;459
281,261;886
1120,675,310,968;128
1120,675,310,968;589
1120,675,310,968;1188
1120,675,310,968;477
296,869;184
296,869;1356
161,1166;863
944,1139;992
944,1139;972
992,972;944
992,972;1139
981;1007
944,969,289;330
944,969,289;972
944,969,289;486
812;1194
1194;812
1035,699,1155,5;345
1035,699,1155,5;722
1035,699,1155,5;179
1035,699,1155,5;1119
944,1063;947
944,1063;972
161,598,879;1162
161,598,879;779
586,771,886;904
586,771,886;922
586,771,886;384
904,922,384;586
904,922,384;771
904,922,384;886
1112,683;812
1112,683;1150
812,1150;1112
812,1150;683
682;579
579;682
886,771,1110;904
886,771,1110;922
886,771,1110;37
1008,95;57
1008,95;691
1215;1253
1253;1215
779;26
779;1150
298;126
126;298
771,1341,886;904
771,1341,886;922
771,1341,886;490
904,922,490;771
904,922,490;1341
904,922,490;886
21;319
319;21
731,237;138
731,237;903
792,771,1150;842
792,771,1150;731
792,771,1150;446
792,771,1150;662
842,731,446,662;792
842,731,446,662;771
842,731,446,662;1150
1031;11
1031;1188
1031;310
11,1188,310;1031
1008,401,259,731;138
1008,401,259,731;785
1008,401,259,731;691
1008,401,259,731;886
1008,401,259,731;1150
142,1150;1277
142,1150;1045
771,667,886;904
771,667,886;922
771,667,886;855
904,922,855;771
904,922,855;667
904,922,855;886
81,1150;731
81,1150;933
81,1150;982
413;592
592;413
429;904
429;374
399;307
307;399
1104;1150
1104;502
699,5,398;179
699,5,398;1101
699,5,398;1119
1120,675,580,911,310;128
1120,675,580,911,310;1188
1120,675,580,911,310;589
1120,675,580,911,310;1114
1120,675,580,911,310;477
81,737;731
81,737;1262
81,737;1343
731,1262,1343;81
731,1262,1343;737
771,661,886;904
771,661,886;922
771,661,886;821
904,922,821;771
904,922,821;661
904,922,821;886
1347,771,886;904
1347,771,886;922
1347,771,886;987
904,922,987;1347
904,922,987;771
904,922,987;886
848,918;886
848,918;311
481,675;1264
481,675;607
1112,1189;657
1112,1189;367
105,12;937
105,12;125
677;1271
1271;677
1188,877;276
1188,877;1061
664,1150;842
664,1150;671
81,306;731
81,306;974
81,306;1343
1337,911;1114
1337,911;375
585;922
585;1135
168;597
597;168
898;612
612;898
81,275;731
81,275;974
81,275;1343
62;216
1112,1127;657
1112,1127;210
771,1227;784
771,1227;731
771,1227;446
161,1162;725
161,1162;1150
419,247;1214
419,247;1263
127;252
252;127
209,406;905
209,406;70
209,406;1071
90;348
348;90
1277,1150;681
1277,1150;29
1120,675,911,692,310;128
1120,675,911,692,310;1188
1120,675,911,692,310;1114
1120,675,911,692,310;477
1120,675,911,692,310;894
1008,731,974;275
1008,731,974;691
993,911;1114
993,911;11
993,911;1188
972,556;944
972,556;511
944,511;972
944,511;556
132;1338
323,972;944
323,972;1157
944,1157;323
944,1157;972
200;493
493;200
771,886,1286;904
771,886,1286;922
771,886,1286;1222
904,922,1222;771
904,922,1222;886
904,922,1222;1286
648,771,886;400
648,771,886;922
648,771,886;904
379;566
566;379
731,188;138
731,188;131
1236,1150;842
1236,1150;1131
283,687;731
283,687;326
1120,675,745,911,310;128
1120,675,745,911,310;1188
1120,675,745,911,310;1114
1120,675,745,911,310;477
1120,675,745,911,310;894
731,1150,63;1142
1033,729;57
1033,729;193
731,502;138
731,502;1325
944,1094;1129
944,1094;972
1129,972;944
1129,972;1094
842,941;817
842,941;731
842,941;933
817,731,933;842
817,731,933;941
1112,739;349
1112,739;1198
1112,739;687
307,1356,895;1144
307,1356,895;351
771,731,399;81
771,731,399;922
81,922;771
81,922;731
81,922;399
922,1150;842
922,1150;731
105,469;125
105,469;493
853;575
575;853
386;426
1248,1156;736
1248,1156;343
736,343;1248
736,343;1156
771,886,1143;904
771,886,1143;922
771,886,1143;605
904,922,605;771
904,922,605;886
904,922,605;1143
595,1150;904
595,1150;609
595,1150;731
803,247;1268
803,247;1030
771,527;731
771,527;446
771,527;886
1088,1319;621
1088,1319;525
354;49
49;354
1135;869
869;1135
129,394,1155;1221
129,394,1155;621
129,394,1155;542
1345,731;1295
1345,731;687
1295,687;1345
1295,687;731
1352,81;731
1352,81;950
1352,81;1343
731,950,1343;1352
731,950,1343;81
771,421,886;904
771,421,886;90
771,421,886;922
817;1251
1251;817
266,771,886;904
266,771,886;922
266,771,886;747
904,922,747;266
904,922,747;771
904,922,747;886
933,6;417
933,6;797
928,972;944
928,972;705
944,705;928
944,705;972
889,675;1300
889,675;607
1008,57,731;1210
1008,57,731;691
1210,691;1008
1210,691;57
1210,691;731
922;414
414;922
438;848
848;438
848,707;704
848,707;886
161,731,1109,1343;81
161,731,1109,1343;930
161,731,1109,1343;1150
806;660
660;806
581,699,1155,5;722
581,699,1155,5;179
581,699,1155,5;370
581,699,1155,5;1119
922;621
621;922
972,28;944
972,28;610
944,610;972
944,610;28
1120,3,675,310;128
1120,3,675,310;1188
1120,3,675,310;477
1120,3,675,310;942
833,730;888
833,730;731
833,730;231
81,1317,686;896
81,1317,686;731
81,1317,686;1343
896,731,1343;81
896,731,1343;1317
896,731,1343;686
1200,675;3
1200,675;607
637,247;522
637,247;1268
702;1108
1108;702
848,259;1066
848,259;886
1288,1346;415
1288,1346;777
1288,1346;1119
848,1123;77
848,1123;886
691,636,1150;1008
691,636,1150;731
691,636,1150;84
1008,731,84;691
1008,731,84;636
1008,731,84;1150
675,846;98
675,846;607
1120,675,911,310,859;128
1120,675,911,310,859;1188
1120,675,911,310,859;1114
1120,675,911,310,859;477
1120,675,911,310,859;894
972,461;944
972,461;428
944,428;972
944,428;461
1296,1112;795
1296,1112;740
1296,1112;687
314,854;104
314,854;347
7;550
125,197;451
125,197;509
125,197;1071
140,876;614
140,876;38
614,38;140
614,38;876
1048,1055;152
1048,1055;938
152,938;1048
152,938;1055
1112,818;108
1112,818;1004
1112,818;687
717,1150;904
717,1150;457
717,1150;731
848,747;1238
848,747;886
1208,296,1356;798
1208,296,1356;327
475;365
365;475
81,52,1150;1330
81,52,1150;731
81,52,1150;1343
972,421;944
972,421;390
944,390;972
944,390;421
1120,450,675,911,310;128
1120,450,675,911,310;1188
1120,450,675,911,310;1114
1120,450,675,911,310;477
1120,450,675,911,310;894
102;1191
675,693;942
675,693;607
305,436;145
305,436;599
150;97
97;150
689;979
979;689
354;78
78;354
1150,79;842
1150,79;751
1112,1004;249
1112,1004;687
1112,1004;1175
368;403
997;79
1112,897;795
1112,897;381
1112,897;687
115;229
229;115
99,876;38
38;99
38;876
760,161,1150;291
760,161,1150;29
760,161,1150;974
1051,388;176
1051,388;310
420;535
530,1051,1188;310
530,1051,1188;539
530,1051,1188;1149
530,1051,1188;731
1150,1047;784
1150,1047;856
1150,1047;731
473,219;366
473,219;655
366,655;473
366,655;219
996,1150;842
996,1150;1295
81,1150,1047;1000
81,1150,1047;731
81,1150,1047;1343
731,940;1243
731,940;1188
1243,1188;731
1243,1188;940
925;453
453;925
944,199;972
944,199;158
972,158;944
972,158;199
161;1051
1051;161
607;848
473,673;655
655;473
655;673
1161,866,911;1354
1161,866,911;1027
1161,866,911;1114
602,771,1150;842
602,771,1150;731
602,771,1150;877
602,771,1150;446
997;681
681;997
81,1150,263;731
81,1150,263;1343
81,1150,263;567
771,508;69
771,508;446
69,446;771
69,446;508
778;785
785;778
238;785
785;238
1266;508
508;1266
504,1150;731
504,1150;646
944,213;192
944,213;972
600,238;886
600,238;191
757;712
1218,771;1065
1218,771;446
1065,446;1218
1065,446;771
1008,161,731,28;1024
1008,161,731,28;691
1008,161,731,28;1150
164,477;882
164,477;675
164,477;1188
1101;225
1057;1016
1016;1057
214;647
647;214
36;249
249;36
154,1150;842
154,1150;214
957;1057
1057;957
1346,1155,5,47,699;1035
1346,1155,5,47,699;722
1346,1155,5,47,699;179
1346,1155,5,47,699;1119
1346,1155,5,47,699;415
376;673
673;376
161,731,533,1343;81
161,731,533,1343;747
161,731,533,1343;1150
355,766;523
355,766;1188
355,766;159
48,1322;304
48,1322;340
1000,738;1090
1000,738;731
1000,738;742
38,895;99
38,895;526
99,526;38
99,526;895
81,953,1150;1321
81,953,1150;731
81,953,1150;1343
681,771;544
681,771;731
681,771;446
29;327
327;29
29;1115
1115;29
650;840
840;650
291,731,1259;1150
291,731,1259;1359
219,1086;614
219,1086;366
614,366;219
614,366;1086
1278;1068
1068;1278
1112,708;41
1112,708;687
1112,708;1175
411,911;906
411,911;1114
107;9
161;1111
1111;161
675,195;859
675,195;607
899,749;483
899,749;565
483,565;899
483,565;749
721,895;526
721,895;463
526,463;721
526,463;895
800;842
800;974
454,1150;67
454,1150;731
731,6;1073
731,6;138
640;1304
1304;640
1116,247;1173
1116,247;582
600,691;1008
600,691;731
600,691;863
1008,731,863;600
1008,731,863;691
531,1150;731
531,1150;861
531,1150;374
1256,1050,899;608
1256,1050,899;834
1256,1050,899;1188
1256,1050,899;565
944,731,1063;947
944,731,1063;972
944,731,1063;687
947,972,687;944
947,972,687;731
947,972,687;1063
1083;924
924;1083
169,943;940
169,943;1199
940,1199;169
940,1199;943
584,139;1155
584,139;931
1155,931;584
1155,931;139
288;1351
1351;288
848,1327;886
848,1327;151
771,470,1150;842
771,470,1150;731
771,470,1150;436
771,470,1150;446
842,731,436,446;771
842,731,436,446;470
842,731,436,446;1150
200,771,1150;842
200,771,1150;731
200,771,1150;446
200,771,1150;246
394,1155,356;16
394,1155,356;621
394,1155,356;542
944,220;972
944,220;182
972,182;944
972,182;220
310,983;120
120;310
120;983
296;1150
1150;296
947,731;1232
947,731;138
825,731;138
825,731;1059
81,506,1150;720
81,506,1150;731
81,506,1150;1343
731,1054;1212
731,1054;1263
1212,1263;731
1212,1263;1054
446;743
743;446
771,1276,886;904
771,1276,886;922
771,1276,886;971
1112,746;657
1112,746;199
769,1133;802
769,1133;996
802,996;769
802,996;1133
161,627,1150;1152
161,627,1150;291
161,627,1150;91
288,771;452
288,771;446
452,446;288
452,446;771
309;1349
1349;309
1193,771;677
1193,771;446
677,446;1193
677,446;771
771,804;376
771,804;446
376,446;771
376,446;804
33,771;1163
33,771;446
1163,446;33
1163,446;771
322,771;418
322,771;446
418,446;322
418,446;771
162,1284;1122
162,1284;1330
80,771;1267
80,771;446
1267,446;80
1267,446;771
771,791;1316
771,791;446
1316,446;771
1316,446;791
1090,771;1290
1090,771;446
1290,446;1090
1290,446;771
771,860;585
771,860;446
585,446;771
585,446;860
1159;665
561,1150;728
561,1150;796
944,935;972
944,935;973
972,973;944
972,973;935
1233,1051,1188,484;883
1233,1051,1188,484;20
1233,1051,1188,484;310
349;933
961,6;417
961,6;731
961,6;1324
970,675;991
970,675;607
848,1241;435
848,1241;886
872,6;417
872,6;731
872,6;1167
1160;1118
518;141
141;518
1120,675,285;128
1120,675,285;1188
1120,675,285;518
529,1188;1061
529,1188;477
840;1281
1312,105;433
1312,105;125
81,1150,407;547
81,1150,407;731
81,1150,407;1343
1103;47
47;1103
675,899,1205;1298
675,899,1205;371
675,899,1205;477
1236;121
121;1236
291;517
517;291
771,940,287;842
771,940,287;731
771,940,287;446
771,940,287;359
1346,1155,5,917,699;415
1346,1155,5,917,699;239
1346,1155,5,917,699;722
1346,1155,5,917,699;179
1346,1155,5,917,699;1119
418,631;804
418,631;198
337;624
624;337
1108,415;963
1108,415;5
81,507,1150;232
81,507,1150;731
81,507,1150;1343
838;868
868;838
736,899;1248
736,899;565
1248,565;736
1248,565;899
714,895;526
714,895;1271
526,1271;714
526,1271;895
1084,687;731
1084,687;915
731,915;1084
731,915;687
178,1050,899;608
178,1050,899;1019
178,1050,899;1188
178,1050,899;565
418,343;322
418,343;198
731,915;82
731,915;1119
82,1119;731
82,1119;915
833,1150;842
833,1150;724
29,687;1
29,687;731
1,731;29
1,731;687
784,771;1090
784,771;446
1090,446;784
1090,446;771
336,771,1150,15;289
336,771,1150,15;904
336,771,1150,15;940
336,771,1150,15;922
336,771,1150,15;731
800;96
96;800
1000,1150;784
1000,1150;731
1000,1150;1158
387;654
654;387
1149,1165;530
1149,1165;731
1149,1165;915
1209;1357
1357;1209
418,548;80
418,548;198
899,631;688
899,631;565
688,565;899
688,565;631
86;341
341;86
1354,883;1233
1354,883;1242
1233,1242;1354
1233,1242;883
895,655;673
895,655;526
673,526;895
673,526;655
1065;1197
1197;1065
691,702;1008
691,702;731
691,702;1253
94,771,1150;842
94,771,1150;731
94,771,1150;44
94,771,1150;446
336,771,575;904
336,771,575;922
336,771,575;731
336,771,575;431
523,374;696
523,374;93
696,93;523
696,93;374
944,795;842
944,795;972
842,972;944
842,972;795
1333,30;445
1333,30;838
1333,30;687
431;328
431;374
328,374;431
161,731,707,1343;81
161,731,707,1343;1123
161,731,707,1343;1150
1030,247;1268
1030,247;308
161,458,731,1343;81
161,458,731,1343;1150
161,458,731,1343;86
1047;329
329;1047
1242,310;577
1242,310;1188
577,1188;1242
577,1188;310
608,731,565;899
608,731,565;1188
608,731,565;310
930;1010
1010;930
946,310;985
946,310;675
946,310;1188
784,1290;1090
1090;784
1090;1290
254;1180
1180;254
784,1316;1090
784,1316;791
1090,791;784
1090,791;1316
784,677;1193
784,677;1090
1193,1090;784
1193,1090;677
784,585;1090
784,585;860
1090,860;784
1090,860;585
784,418;322
784,418;1090
322,1090;784
322,1090;418
784,376;1090
784,376;804
1090,804;784
1090,804;376
1168;1131
1131;1168
885,310;1256
885,310;523
885,310;1188
771,1301,287;904
771,1301,287;922
771,1301,287;339
771,1301,287;731
1268;940
731,543;1188
731,543;975
1131;571
571;1131
771,422;731
771,422;446
771,422;606
497;1131
1131;497
895,1351;526
895,1351;919
526,919;895
526,919;1351
310,135;178
310,135;164
634;442
810;956
956;810
1054;782
992,771;731
992,771;446
992,771;623
995,214;706
995,214;1150
731,294;138
731,294;407
524,895;526
524,895;831
526,831;524
526,831;895
457,771,731;922
457,771,731;717
573;921
921;573
1034,6;417
1034,6;731
1034,6;420
417,731,420;1034
417,731,420;6
899,548;763
899,548;565
763,565;899
763,565;548
953,691,1150;1008
953,691,1150;1321
953,691,1150;731
944,1014;972
944,1014;254
536;989
989;536
833,620;888
833,620;731
833,620;757
614,895;140
614,895;526
140,526;614
140,526;895
899,638;117
899,638;565
117,565;899
117,565;638
914;875
169,254;929
169,254;940
929,940;169
929,940;254
611;564
564;611
728;1087
1087;728
1168,944;1131
1168,944;972
1131,972;1168
1131,972;944
72;138
138;72
169,287;940
169,287;845
940,845;169
940,845;287
410,771;1266
410,771;731
410,771;446
1111,1071,133,31;197
1111,1071,133,31;990
1111,1071,133,31;479
852;310
852;375
310,375;852
299;180
180;299
1112,226;552
1112,226;687
1112,226;1175
76;582
582;76
48;40
1247;248
248;1247
1120,658;1256
1120,658;1188
1120,658;128
1256,1188,128;1120
1256,1188,128;658
1120,675,911,146,310;128
1120,675,911,146,310;1188
1120,675,911,146,310;775
1120,675,911,146,310;1114
1120,675,911,146,310;477
1308,1150;590
899,223;565
899,223;1310
565,1310;899
565,1310;223
114;58
58;114
160,895;1291
160,895;526
1291,526;160
1291,526;895
473,1271;714
473,1271;655
714,655;473
714,655;1271
81,1219;992
81,1219;731
81,1219;1343
938,477,310;675
938,477,310;1188
938,477,310;1023
1081;1021
1021;1081
518;1055
1055;518
1018,588;1320
1018,588;886
15;560
162,583;536
162,583;1122
536,1122;162
536,1122;583
639;89
89;639
1320,1150;1018
1320,1150;731
1320,1150;1045
304;1124
905,197;497
905,197;1071
905,197;49
1313,1150;961
1313,1150;287
1081;148
148;1081
366,895;219
366,895;526
219,526;366
219,526;895
899,343;565
899,343;198
565,198;899
565,198;343
75,731,335;609
75,731,335;922
75,731,335;138
1079;1117
592,26;1033
592,26;731
592,26;598
473,99;38
473,99;655
38,655;473
38,655;99
0,161,813;872
0,161,813;868
0,161,813;1150
261;484
484;261
578;484
484;578
699,1155,5,348;722
699,1155,5,348;179
699,1155,5,348;581
699,1155,5,348;1119
872,161,1150;291
872,161,1150;29
872,161,1150;263
841,691,1150;1008
841,691,1150;731
841,691,1150;1196
1008,731,1196;841
1008,731,1196;691
1008,731,1196;1150
1113,1134;1243
1113,1134;1031
1243,1031;1113
1243,1031;1134
771,671;664
771,671;731
771,671;446
296,836;988
296,836;229
296,836;1356
922,595;609
922,595;771
922,595;731
1346,5,398;1101
1346,5,398;415
1356,895,759;900
1356,895,759;351
81,306,1150;731
81,306,1150;1165
81,306,1150;1343
82,647;353
82,647;998
1249,1161;369
1249,1161;178
1249,1161;1354
932;604
932;1045
778,1052;780
778,1052;886
867,1150;842
867,1150;1075
820,1150;1153
820,1150;298
893;857
857;893
517;1051
517;310
10,687;731
10,687;126
731,126;10
731,126;687
944,1217,892;936
944,1217,892;972
944,1217,892;1358
936,972,1358;944
936,972,1358;1217
936,972,1358;892
1120,243,675,310;128
1120,243,675,310;3
1120,243,675,310;1188
1120,243,675,310;477
505;686
686;505
904,90,922;771
904,90,922;421
904,90,922;886
1120,488;128
1120,488;1048
1120,488;1188
128,1048,1188;1120
128,1048,1188;488
824,771;457
824,771;731
824,771;446
182;993
993;182
771,461,886;904
771,461,886;922
771,461,886;918
904,922,918;771
904,922,918;461
904,922,918;886
89,899;1156
89,899;1188
89,899;565
112;637
617;112
2,1071,1111,31;197
2,1071,1111,31;990
2,1071,1111,31;319
771,204;153
771,204;842
771,204;446
469;730
730;469
1112,687,984;1
1112,687,984;476
1243,285;1113
1243,285;1287
1113,1287;1243
1113,1287;285
448;555
555;448
1008,161,731,660;691
1008,161,731,660;1211
1008,161,731,660;1150
771,556,886;904
771,556,886;922
771,556,886;168
904,922,168;771
904,922,168;556
904,922,168;886
1346,1155,5,1010,699;722
1346,1155,5,1010,699;179
1346,1155,5,1010,699;348
1346,1155,5,1010,699;1119
1346,1155,5,1010,699;415
786;754
754;786
1161,516;178
1161,516;844
1161,516;1354
771,323,886;904
771,323,886;697
771,323,886;922
904,697,922;771
904,697,922;323
904,697,922;886
833,813;888
833,813;731
833,813;368
771,158;731
771,158;446
771,158;735
876,895;38
876,895;526
38,526;876
38,526;895
1346,1155,5,389,699;235
1346,1155,5,389,699;722
1346,1155,5,389,699;179
1346,1155,5,389,699;1119
1346,1155,5,389,699;415
1120,675,911,310,894;128
1120,675,911,310,894;1114
1120,675,911,310,894;1188
1120,675,911,310,894;477
1290,731,735;329
1290,731,735;922
329,922;1290
329,922;731
329,922;735
1072,161;650
1072,161;1150
491,895;473
491,895;1356
491,895;526
473,1356,526;491
473,1356,526;895
856,1290,731;922
856,1290,731;1047
922,1047;856
922,1047;1290
922,1047;731
1008,161,731,774;870
1008,161,731,774;691
1008,161,731,774;1150
6;406
406;6
1068;756
756;1068
945,1346,1269;5
945,1346,1269;1011
945,1346,1269;541
842,211;1257
842,211;1357
1257,1357;842
1257,1357;211
833,1186;888
833,1186;731
833,1186;277
1043,731,1343;81
1043,731,1343;379
731,1343,815;81
731,1343,815;425
752,771,886;904
752,771,886;922
752,771,886;573
904,922,573;752
904,922,573;771
904,922,573;886
834,477,310;810
834,477,310;675
834,477,310;1188
456;901
1008,161,1186,731;691
1008,161,1186,731;678
1008,161,1186,731;1150
128,1188,854;1120
128,1188,854;347
128,1188,854;731
842;487
487;842
1290,771,1150,15;1316
1290,771,1150,15;842
1290,771,1150,15;940
1290,771,1150,15;731
1290,771,1150,15;446
1150,679;336
1150,679;1045
1290,771,29;842
1290,771,29;731
1290,771,29;1316
1290,771,29;446
99,491;473
99,491;1356
99,491;38
473,1356,38;99
473,1356,38;491
591;842
842;591
711;752
752;711
106,771,1150;528
106,771,1150;842
106,771,1150;731
106,771,1150;446
1112,478;1168
1112,478;1032
1112,478;687
769,143;802
769,143;95
802,95;769
802,95;143
19;122
122;19
52;471
471;52
669;789
789;669
482,771;446
482,771;1311
483,675,103;608
483,675,103;1328
483,675,103;749
608,1328,749;483
608,1328,749;675
608,1328,749;103
796;1121
1121;796
161,287;731
161,287;174
290;1312
980,310;411
980,310;1188
980,310;155
495;519
519;495
1346,1155,5,111,699;722
1346,1155,5,111,699;179
1346,1155,5,111,699;312
1346,1155,5,111,699;1119
1346,1155,5,111,699;415
33;160
160;33
1074,247;362
1074,247;1263
161,1150,1167;291
161,1150,1167;653
161,1150,1167;263
964;661
661;964
1139;992
992;1139
1050,1188;532
532;1050
532;1188
1008,161,731,453;691
1008,161,731,453;365
1008,161,731,453;1150
81,287,727;731
81,287,727;1343
81,287,727;1079
1008,731,796;691
1008,731,796;1219
1008,161,731,839;691
1008,161,731,839;685
1008,161,731,839;1150
883,956;1113
883,956;1233
883,956;1061
1113,1233,1061;883
1113,1233,1061;956
85;830
830;85
1346,1269,909;713
1346,1269,909;541
51;1334
744,990;402
744,990;1071
744,990;31
402,1071,31;744
402,1071,31;990
416;1330
80,343;322
80,343;548
961,13;298
961,13;837
298,837;961
298,837;13
666,771;322
666,771;446
322,446;666
322,446;771
776;973
973;776
1008,161,58,731;1184
1008,161,58,731;691
1008,161,58,731;1150
944,1273;972
944,1273;751
972,751;944
972,751;1273
734;685
685;734
546,780;137
546,780;731
546,780;470
731,879;272
731,879;138
672,780;528
672,780;137
672,780;731
464,944;972
464,944;188
25,247;594
25,247;1268
771,1150,439;842
771,1150,439;731
771,1150,439;446
771,1150,439;222
781;830
830;781
944,1217,331,687;336
944,1217,331,687;731
944,1217,331,687;972
944,1217,331,687;1358
771,1339;731
771,1339;1301
771,1339;446
476;364
364;476
675,260;580
675,260;607
848,458;124
848,458;886
265,5;1155
265,5;1119
265,5;227
80,223;33
80,223;548
944,934;1059
944,934;972
1059,972;944
1059,972;934
731,1134,575;237
731,1134,575;1188
731,1134,575;853
237,1188,853;731
237,1188,853;1134
237,1188,853;575
1008,401,731,785;37
1008,401,731,785;138
1008,401,731,785;691
1008,401,731,785;886
1008,401,731,785;1150
1032,687;731
1032,687;1045
731,1045;1032
731,1045;687
1203,1071,31;156
1203,1071,31;990
1058,1150;842
1058,1150;733
771,1251;904
771,1251;75
771,1251;731
904,75,731;771
904,75,731;1251
771,1262;731
771,1262;397
771,1262;446
426,771;1306
426,771;731
426,771;446
80,631;548
80,631;804
1161,899,334;608
1161,899,334;577
1161,899,334;565
608,577,565;1161
608,577,565;899
608,577,565;334
691,646;1008
691,646;138
691,646;68
719;912
912;719
1078;1110
1110;1078
75,933,731;922
75,933,731;399
1283;912
912;1283
888,1150;904
888,1150;842
899,535;236
899,535;565
236,565;899
236,565;535
75,959;922
75,959;770
81,702;731
81,702;1253
81,702;1343
442,675;775
442,675;607
775,607;442
775,607;675
1314;439
439;1314
1071,309,31;578
1071,309,31;990
675,45;589
675,45;607
1113,164;834
1113,164;1243
834,1243;1113
834,1243;164
736,80;1193
736,80;548
33,1150;729
33,1150;842
33,1150;731
804,1150;842
804,1150;731
804,1150;510
1129,771;731
1129,771;1229
1129,771;446
437;392
31,965,1111,1071;197
31,965,1111,1071;990
31,965,1111,1071;1294
943;1270
1270;943
771,796;731
771,796;997
771,796;446
987;346
346;987
848,783;268
848,783;886
992,771;681
992,771;731
992,771;446
159;107
1008,1033,731;592
1008,1033,731;691
372,1233,1188;608
372,1233,1188;883
372,1233,1188;1031
1346,5,1254;415
1346,5,1254;1115
1346,5,1254;471
649,1330;521
649,1330;1284
644;235
235;644
995,973;192
995,973;127
69;603
69;731
603,731;69
725;1072
725;731
1072,731;725
731,212;593
731,212;1188
69,1150;842
69,1150;731
69,1150;508
1044;1003
1003;1044
1120,675,589,310,1051;128
1120,675,589,310,1051;1188
1120,675,589,310,1051;517
1120,675,589,310,1051;477
1120,675,589,310,1051;894
1071,670,31;990
1071,670,31;133
1071,670,31;414
1120,1292,310;128
1120,1292,310;1188
1120,1292,310;574
612,1071,1111,31;444
612,1071,1111,31;197
612,1071,1111,31;990
1346,1155,5,699,540;722
1346,1155,5,699,540;179
1346,1155,5,699,540;346
1346,1155,5,699,540;1119
1346,1155,5,699,540;415
976,1150;731
976,1150;1148
976,1150;1317
16;945
694;577
577;694
694;594
594;694
1346,1155,5,345,699;674
1346,1155,5,345,699;722
1346,1155,5,345,699;179
1346,1155,5,345,699;1119
1346,1155,5,345,699;415
771,891;609
771,891;731
771,891;446
731,22;936
731,22;138
590,1150;731
590,1150;999
1022,911;64
1022,911;1114
821;1035
1035;821
1120,675,911,1300,310;128
1120,675,911,1300,310;1188
1120,675,911,1300,310;942
1120,675,911,1300,310;1114
1120,675,911,1300,310;477
1120,675,808,911,310;128
1120,675,808,911,310;1188
1120,675,808,911,310;1114
1120,675,808,911,310;477
1120,675,808,911,310;894
848,490;1224
848,490;886
675,332;692
675,332;607
1172;1201
1201;1172
731,716;488
731,716;1188
488,1188;731
488,1188;716
409,771;860
409,771;446
860,446;409
860,446;771
1113,619;1243
1113,619;559
1243,559;1113
1243,559;619
220,687;731
220,687;182
731,182;220
731,182;687
675,1100;607
675,1100;1095
720;619
619;720
848,1247;977
848,1247;886
769,413;592
769,413;802
592,802;769
592,802;413
613,911;1114
613,911;255
27,612,1111,1071;1235
27,612,1111,1071;444
27,612,1111,1071;197
944,46;972
944,46;1228
34;14
14;34
771,211;729
771,211;731
771,211;446
81,770,1150;881
81,770,1150;731
81,770,1150;1343
673,1086;614
673,1086;655
614,655;673
614,655;1086
1041;1096
40,1071,1111,31;1203
40,1071,1111,31;197
40,1071,1111,31;990
275,691;1008
275,691;731
275,691;974
280,161,1008;625
280,161,1008;691
280,161,1008;731
280,161,1008;1150
280,161,1008;575
193,771;80
193,771;446
80,446;193
80,446;771
1008,161,731,328;280
1008,161,731,328;691
1008,161,731,328;1150
843;879
879;843
292,1150;842
292,1150;751
81,275,1317;976
81,275,1317;731
81,275,1317;1343
976,731,1343;81
976,731,1343;275
976,731,1343;1317
405;96
405;1253
337;290
290;337
161,879;1162
1008,275,731;480
1008,275,731;691
962;1260
1260;962
275,731,1343;480
275,731,1343;81
1178,1150;842
1178,1150;115
1321,771,886;904
1321,771,886;922
1321,771,886;651
1120,120;128
1120,120;1250
1120,120;1188
128,1250,1188;1120
128,1250,1188;120
1120,1113,675;128
1120,1113,675;1061
1120,1113,675;1055
1008,730,731;352
1008,730,731;691
352,691;1008
352,691;730
352,691;731
1149,93,1150;1336
1149,93,1150;530
1149,93,1150;731
1178,771;1185
1178,771;731
1178,771;446
256;1322
633;513
513;633
253;633
633;253
649,1;521
649,1;29
521,29;649
521,29;1
1113,455;169
1113,455;574
169,574;1113
169,574;455
336,1261;297
336,1261;842
336,1261;731
297,842,731;336
297,842,731;1261
1150,1255;915
1150,1255;29
1238;693
470,1150;354
470,1150;1131
470,1150;731
680,1330;1336
680,1330;1284
677,606;1193
1193;677
1193;606
1289,990;612
1289,990;1071
1289,990;31
1124,1071,1111,31;197
1124,1071,1111,31;309
1124,1071,1111,31;990
771,797,1150;656
771,797,1150;842
771,797,1150;731
771,797,1150;446
609,1150;842
609,1150;891
56,1346,1011,1119;557
56,1346,1011,1119;1323
56,1346,1011,1119;5
899,804;771
899,804;631
1008,731,52;232
1008,731,52;691
1250,675;477
1250,675;775
477,775;1250
477,775;675
1176,771;465
1176,771;731
1176,771;446
1176,771;499
1176,771;446
1176,771;731
904,771;446
446;904
446;771
81,83;138
81,83;1343
96;842
96;974
731,1165;658
731,1165;1188
658,1188;731
658,1188;1165
904,585;860
904,585;446
860,446;904
860,446;585
1346,467;415
1346,467;471
395,1071,31;990
395,1071,31;967
1008,409,731;770
1008,409,731;691
1008,409,731;29
161,4,1150;291
161,4,1150;807
873;1002
1002;873
294;731
294;1150
294;335
1120,675,285;128
1120,675,285;1061
1120,675,285;775
731,974,1343;81
731,974,1343;275
1112;1150
1150;1112
64,1050,899;608
64,1050,899;234
64,1050,899;1188
64,1050,899;565
608,234,1188,565;64
608,234,1188,565;1050
608,234,1188,565;899
771,317,731;922
771,317,731;527
922,527;771
922,527;317
922,527;731
837,287;961
837,287;170
961,170;837
961,170;287
1147,886;238
238;1147
238;886
76,886;778
778;76
778;886
886,718;865
865;886
865;718
544;800
544;96
800,96;544
601,675;450
601,675;607
848,644;886
848,644;758
762;870
870;762
1210;1161
1161;1210
1346,1155,5,248,699;722
1346,1155,5,248,699;179
1346,1155,5,248,699;917
1346,1155,5,248,699;1119
1346,1155,5,248,699;415
363,1251;96
363,1251;668
96,668;363
96,668;1251
363,278;96
363,278;681
96,681;363
96,681;278
27,1071,1151;441
27,1071,1151;1235
441,1235;27
441,1235;1071
441,1235;1151
1210;1141
1141;1210
115,1150;842
115,1150;292
1008,202,731;691
1008,202,731;182
272,833;888
272,833;731
272,833;1195
1120,675,1095,911,310;128
1120,675,1095,911,310;1188
1120,675,1095,911,310;520
1120,675,1095,911,310;1114
1120,675,1095,911,310;477
1120,675,559;128
1120,675,559;1061
1120,675,559;477
731,1236,1316;922
731,1236,1316;546
865,780;434
865,780;886
227;648
648;227
782,1071;579
782,1071;197
579,197;782
579,197;1071
1071,1151,31;441
1071,1151,31;990
441,990;1071
441,990;1151
441,990;31
544,1150;681
544,1150;842
1161,899,1243;608
1161,899,1243;1188
1161,899,1243;565
1161,899,1243;1076
113;398
829;1302
1302;829
264;472
472;264
982,1150;904
982,1150;731
982,1150;1251
161,1153;731
161,1153;294
1150,710;842
1150,710;59
848,687;731
848,687;438
1090,773;33
1090,773;1085
1090,773;1150
1008,161,731,564;952
1008,161,731,564;691
1008,161,731,564;1150
1008,161,250,731;171
1008,161,250,731;1068
1008,161,250,731;691
773,791;804
773,791;1085
773,791;1150
860,773;322
860,773;1085
860,773;1150
773,446;1193
773,446;1085
773,446;1150
1006;171
171;1006
499,1150;1176
499,1150;842
1008;31
771,940,1237;378
771,940,1237;731
771,940,1237;842
771,940,1237;446
578,1071,1111,31;1289
578,1071,1111,31;197
578,1071,1111,31;990
1114,157;939
1114,157;911
374,766;696
374,766;373
696,373;374
696,373;766
538,766;344
538,766;373
344,373;538
344,373;766
944,1204;972
944,1204;1165
972,1165;944
972,1165;1204
944,680;1336
944,680;972
1336,972;944
1336,972;680
911,1188,847;1114
911,1188,847;1061
911,1188,847;375
57,771,940;842
57,771,940;731
57,771,940;116
57,771,940;446
378,771,940;112
378,771,940;842
378,771,940;731
378,771,940;446
771,940,1181;361
771,940,1181;842
771,940,1181;731
771,940,1181;446
940,771,116;842
940,771,116;731
940,771,116;1181
940,771,116;446
457,1150;824
457,1150;842
771,940,293;842
771,940,293;731
771,940,293;446
771,940,293;382
177,675;654
177,675;607
771,940,694;842
771,940,694;731
771,940,694;293
771,940,694;446
161,731,785,1343;384
161,731,785,1343;81
161,731,785,1343;1150
417,1150;995
417,1150;949
995,949;417
995,949;1150
771,940,382;842
771,940,382;731
771,940,382;485
771,940,382;446
771,724;833
771,724;731
771,724;446
848,785;1025
848,785;886
771,1295;904
771,1295;482
771,1295;731
1234;1186
1186;1234
1192,842;1257
1192,842;180
1257,180;1192
1257,180;842
264;539
539;264
771,1150,1167;842
771,1150,1167;731
771,1150,1167;446
771,1150,1167;303
336,585,770;842
336,585,770;731
336,585,770;860
336,585,770;429
1267;831
831;1267
811,886;588
1008,849,731;66
1008,849,731;691
81,1150,863;337
81,1150,863;731
81,1150,863;1343
337,731,1343;81
337,731,1343;1150
337,731,1343;863
765;444
444;765
1112,447;1038
1112,447;270
283;326
326;283
899,675,103;608
899,675,103;1328
899,675,103;565
608,1328,565;899
608,1328,565;675
608,1328,565;103
88,1235,1111;408
88,1235,1111;1169
88,1235,1111;27
88,1235,1111;1071
576,1150;842
576,1150;867
1204,687;731
1204,687;1165
731,1165;1204
731,1165;687
1120,1354;128
1120,1354;1242
128,1242;1120
128,1242;1354
344,932;538
344,932;810
538,810;344
538,810;932
986,1150;681
986,1150;842
561;878
878;561
731,861;1048
731,861;1188
1048,1188;731
1048,1188;861
465;836
836;465
328,1150;812
328,1150;237
31,1071,1111,967;197
31,1071,1111,967;990
31,1071,1111,967;663
771,1150,1302;842
771,1150,1302;731
771,1150,1302;1069
771,1150,1302;446
1258;1293
1293;1258
731,949,1150;364
731,949,1150;29
313,771;731
313,771;446
313,771;551
498,932;698
498,932;810
698,810;498
698,810;932
1071,469,31;2
1071,469,31;990
728,470;873
728,470;780
1192,771;193
1192,771;731
1192,771;446
162,1028;1122
162,1028;1350
1122,1350;162
1122,1350;1028
771,1045,886;904
771,1045,886;922
771,1045,886;588
161,1123,1008,401,731;138
161,1123,1008,401,731;691
161,1123,1008,401,731;886
161,1123,1008,401,731;987
161,1123,1008,401,731;1150
835;388
388;835
717,182;256
717,182;202
717,182;731
1048,1188;282
1048,1188;1061
731,1199;1091
731,1199;1188
768,771,1150;842
768,771,1150;731
768,771,1150;940
768,771,1150;446
696,310;344
344;696
344;310
161,1008,401,86,731;138
161,1008,401,86,731;691
161,1008,401,86,731;886
161,1008,401,86,731;918
161,1008,401,86,731;1150
1008,401,731,588;553
1008,401,731,588;138
1008,401,731,588;691
1008,401,731,588;886
1008,401,731,588;1150
1008,401,690,731;514
1008,401,690,731;138
1008,401,690,731;691
1008,401,690,731;886
1008,401,690,731;1150
944,1217,741,687;940
944,1217,741,687;731
944,1217,741,687;972
944,1217,741,687;1358
848,778;132
848,778;886
1338,675;387
1338,675;607
1188,141;1061
1188,141;775
717;541
541;717
926,771,886;904
926,771,886;553
926,771,886;922
899,1243,503;608
899,1243,503;617
899,1243,503;1188
899,1243,503;565
1233,1051,958;545
1233,1051,958;883
1233,1051,958;310
731,1309;1105
731,1309;1188
1105,1188;731
1105,1188;1309
23;201
771,269,886;904
771,269,886;930
771,269,886;922
904,930,922;771
904,930,922;269
904,930,922;886
10,15;35
10,15;126
35,126;10
35,126;15
336,169;940
336,169;604
940,604;336
940,604;169
731,333,1150;211
731,333,1150;29
809,691;1008
809,691;169
809,691;138
848,90;1146
848,90;886
675,221;243
675,221;607
880;670
670;880
1157;323
323;1157
1008,401,514,731;259
1008,401,514,731;138
1008,401,514,731;691
1008,401,514,731;886
1008,401,514,731;1150
744,197;1121
744,197;509
1112,230,687;73
1112,230,687;1
147;24
24;147
1112,740;795
1112,740;1174
1070;760
161,186,731;1059
110;315
899,1243,271;608
899,1243,271;380
899,1243,271;1188
899,1243,271;565
1342;678
678;1342
1254,1335;1314
1254,1335;1155
496,883;1233
496,883;1188
496,883;958
162,44;1122
162,44;94
1122,94;162
1122,94;44
731,244;138
731,244;950
138,950;731
138,950;244
1000,1150;1090
1000,1150;731
1000,1150;1054
310,615;608
310,615;87
340;717
274,1150;954
274,1150;83
274,1150;731
321;266
266;321
817,731,1118;842
817,731,1118;891
563,1335;1155
563,1335;829
1112,383;981
1112,383;149
534;494
494;534
1233,1051,1188,206;883
1233,1051,1188,206;923
1233,1051,1188,206;310
944,318;972
944,318;300
972,300;944
972,300;318
1274,771;1081
1274,771;731
1274,771;446
489;377
377;489
169,1003;940
169,1003;543
940,543;169
940,543;1003
1223;1347
1347;1223
169,879;940
169,879;468
940,468;169
940,468;879
729;1216
1216;729
1324;866
1112,71;689
1112,71;795
587;625
625;587
899,1076,1243;608
899,1076,1243;1188
899,1076,1243;565
899,1076,1243;503
851,687;731
851,687;1148
731,1148;851
731,1148;687
1251;68
68;1251
881,771,1150,15;904
881,771,1150,15;940
881,771,1150,15;409
881,771,1150,15;922
881,771,1150,15;731
1254,1126;1299
1254,1126;1155
68;363
363;68
240,1233,1051,1188;883
240,1233,1051,1188;206
240,1233,1051,1188;310
944,689;979
944,689;972
1113,1180;1243
1113,1180;357
1243,357;1113
1243,357;1180
374,1150;538
538;374
538;1150
780,1150;731
780,1150;76
780,1150;1052
1052,1150;1147
1052,1150;36
1052,1150;731
1120,906,310;128
1120,906,310;776
1120,906,310;1188
1056;943
943;1056
944,1083;972
944,1083;924
101,1254;258
101,1254;1155
784,105;1000
784,105;451
1000,451;784
1000,451;105
771,941;731
771,941;446
771,941;399
1318;196
196;1318
1008,161,122,731;1226
1008,161,122,731;691
1008,161,122,731;1150
932;809
809;932
616,6;417
616,6;189
417,189;616
417,189;6
630;978
311;481
267;20
20;267
563,101;1155
563,101;85
771,886,279;904
771,886,279;785
771,886,279;922
698,1229,1150;1058
698,1229,1150;842
81,727;731
81,727;845
81,727;1343
731,845,1343;81
731,845,1343;727
96,81,842;731
96,81,842;69
96,81,842;1343
731,69,1343;96
731,69,1343;81
731,69,1343;842
1112,1098;984
1112,1098;795
342;333
333;342
328,961;1034
328,961;237
1034,237;328
1034,237;961
691,1150,263;1008
691,1150,263;731
691,1150,263;567
1008,731,567;691
1008,731,567;1150
1008,731,567;263
1008,401,731,588;138
1008,401,731,588;691
1008,401,731,588;886
1008,401,731,588;279
1008,401,731,588;1150
1233,1051,1188,566;496
1233,1051,1188,566;883
1233,1051,1188,566;310
152,483,675;608
152,483,675;749
152,483,675;1055
608,749,1055;152
608,749,1055;483
608,749,1055;675
1112,462;761
1112,462;818
1112,462;687
771,1131;731
771,1131;1236
771,1131;446
979;1182
1182;979
979;1208
1208;979
771,884,1150;753
771,884,1150;842
771,884,1150;731
771,884,1150;446
1344,161,731,1008;1102
1344,161,731,1008;691
1344,161,731,1008;1150
1344,161,731,1008;163
1344,161,731,1008;691
1344,161,731,1008;1150
233,483,675;608
233,483,675;749
233,483,675;245
608,749,245;233
608,749,245;483
608,749,245;675
1008,731,950;737
1008,731,950;691
737,691;1008
737,691;731
737,691;950
929,731;1188
929,731;357
176,593;1188
176,593;1318
211;136
136;211
771;922
771;1332
677,223;1248
677,223;33
81,1148;731
81,1148;915
81,1148;1343
731,915,1343;81
731,915,1343;1148
162,771,1150,15;842
162,771,1150,15;940
162,771,1150,15;1261
162,771,1150,15;731
162,771,1150,15;446
1355,687;731
1355,687;1309
731,1309;1355
731,1309;687
81,1165;731
81,1165;915
81,1165;1343
731,915,1343;81
731,915,1343;1165
771,4;731
771,4;460
771,4;446
418,510;322
418,510;804
322,804;418
322,804;510
376,510;804
804;376
804;510
1112,381;795
1112,381;1083
1112,626;897
1112,626;795
1112,626;687
137,418;322
137,418;791
322,791;137
322,791;418
424;703
677,510;1193
677,510;804
1193,804;677
1193,804;510
1290,510;1090
1290,510;804
1090,804;1290
1090,804;510
272,161,1150;338
272,161,1150;291
272,161,1150;29
473,895;526
473,895;655
526,655;473
526,655;895
1120,675,942,911,310;128
1120,675,942,911,310;1188
1120,675,942,911,310;1114
1120,675,942,911,310;477
1120,675,942,911,310;894
164,731,940;336
164,731,940;1243
164,731,940;1188
336,1243,1188;164
336,1243,1188;731
336,1243,1188;940
54;570
57;251
251;57
1220,1150;1154
1220,1150;842
57;271
271;57
1112,436;687
1112,436;599
1112,436;1175
652,895;836
652,895;526
652,895;1356
515,1150;1274
515,1150;731
515,1150;1236
1150,67,731;720
1150,67,731;138
1150,67,731;29
845,519;107
845,519;915
845,519;731
519;355
355;519
81,636,1150;731
81,636,1150;84
81,636,1150;1343
697;389
389;697
88,990,1111;408
88,990,1111;1169
88,990,1111;1071
88,990,1111;31
1086,895;614
1086,895;526
614,526;1086
614,526;895
899,1060;565
899,1060;638
565,638;899
565,638;1060
298,1317;764
298,1317;1183
659;702
702;659
1346,1155,5,370,699;674
1346,1155,5,370,699;722
1346,1155,5,370,699;179
1346,1155,5,370,699;1119
1346,1155,5,370,699;415
162,662;792
162,662;1122
792,1122;162
792,1122;662
515;562
562;515
1225,1071,1111,31;1283
1225,1071,1111,31;197
1225,1071,1111,31;990
1170,899,1243;608
1170,899,1243;723
1170,899,1243;1188
1170,899,1243;565
704;889
473,463;721
473,463;655
721,655;473
721,655;463
771,887;96
771,887;731
771,887;446
1113,826,1188,1233;890
1113,826,1188,1233;883
1113,826,1188,1233;310
944,438;848
944,438;972
675,1191;295
675,1191;607
848,86;102
848,86;886
230;422
422;230
1188,1007;826
1188,1007;731
826,731;1188
826,731;1007
736,677;1248
736,677;1193
144,161,731,1008;691
144,161,731,1008;1036
144,161,731,1008;1150
1112,175;109
1112,175;741
1163,223;33
1163,223;1310
39;250
250;39
816;774
774;816
83,1210,771;842
83,1210,771;446
83,1210,771;694
842,446,694;83
842,446,694;1210
842,446,694;771
473,140;614
473,140;655
614,655;473
614,655;140
1346,1155,5,921,699;722
1346,1155,5,921,699;179
1346,1155,5,921,699;597
1346,1155,5,921,699;1119
1346,1155,5,921,699;415
890,883,310;1233
890,883,310;1243
890,883,310;1188
890,883,310;1292
1007;628
771,59;731
771,59;446
771,59;710
296,491,1356;136
296,491,1356;327
951;982
904;542
542;904
709;474
308,247;251
308,247;1268
1120,874,310;152
1120,874,310;1188
1120,874,310;128
140,1086;614
614;140
614;1086
1163,548;80
1163,548;1310
1150,191;600
1150,191;1147
1150,191;731
1287;1041
577,899,1243;608
577,899,1243;17
577,899,1243;1188
577,899,1243;565
1154,771;731
1154,771;1220
1154,771;446
81,1068;731
81,1068;686
81,1068;1343
731,686,1343;81
731,686,1343;1068
1227;798
798;1227
161,1150,903;291
161,1150,903;91
161,1150,903;29
1317,974;976
1233,1051,923;273
1233,1051,923;883
1233,1051,923;310
1071,782,31;990
1071,782,31;630
990,630;1071
990,630;782
990,630;31
1086,463;721
1086,463;614
721,614;1086
721,614;463
17,899,1243;608
17,899,1243;1170
17,899,1243;1188
17,899,1243;565
472,1119;1346
472,1119;415
337;12
1008,161,393,731;43
1008,161,393,731;691
1008,161,393,731;1150
1008,161,731,279;691
1008,161,731,279;1092
1008,161,731,279;1150
81,172;800
81,172;731
81,172;1343
800,731,1343;81
800,731,1343;172
769,167;802
769,167;204
802,204;769
802,204;167
1019,1134;608
1019,1134;1188
1019,1134;853
872,833;888
872,833;731
872,833;456
1086,1271;714
1086,1271;614
714,614;1086
714,614;1271
1273,687;731
1273,687;751
731,751;1273
731,751;687
377,771;731
377,771;405
377,771;446
528,214;602
528,214;59
602,59;528
602,59;214
899,380,1243;608
899,380,1243;1188
899,380,1243;565
899,380,1243;1046
128,883,731;1120
128,883,731;1233
128,883,731;1188
1120,1233,1188;128
1120,1233,1188;883
1120,1233,1188;731
552;600
553;674
674;553
539,1188;1051
539,1188;517
750,247;1145
750,247;1268
1105,899,675;1337
1105,899,675;1298
1105,899,675;371
99,1086;614
99,1086;38
614,38;99
614,38;1086
771,301,886;904
771,301,886;922
771,301,886;707
904,922,707;771
904,922,707;301
904,922,707;886
81,827,1150;731
81,827,1150;534
81,827,1150;1343
1128;1001
1001;1128
1075,1150;842
1075,1150;751
77;1200
1243,899,1046;608
1243,899,1046;1188
1243,899,1046;565
1243,899,1046;695
207;163
163;207
1299;1001
1001;1299
1230;1286
1286;1230
1008,731,1179;536
1008,731,1179;691
464;188
188;464
485;750
56,1260,1119;920
56,1260,1119;1155
56,1260,1119;557
683;812
812;683
723;485
199;158
158;199
772;5
772;302
138,1150;440
440;138
440;1150
1232,6;417
1232,6;731
1232,6;325
1120,1091,675;128
1120,1091,675;1061
1120,1091,675;1279
811,588,1150;962
811,588,1150;731
811,588,1150;886
944,1174;1227
944,1174;972
920,394;748
920,394;1119
920,394;743
1120,1243,310;128
1120,1243,310;1113
1120,1243,310;178
1120,1243,310;1188
128,1113,178,1188;1120
128,1113,178,1188;1243
128,1113,178,1188;310
291;501
501;291
896,1150;83
896,1150;1317
896,1150;731
83,1317,731;896
83,1317,731;1150
1120,675,975;128
1120,675,975;1061
1120,675,975;613
1343;27
1008,161,954,731;691
1008,161,954,731;820
1008,161,954,731;1150
944,771,1190,1150;842
944,771,1190,1150;972
944,771,1190,1150;731
944,771,1190,1150;1339
944,771,1190,1150;446
861;183
183;861
119;1341
1341;119
572;862
572;731
572;1150
1064;1005
1005;1064
1152,161,1150;506
1152,161,1150;291
1152,161,1150;29
1107;1143
1143;1107
1294;1064
1064;1294
18;291
291;18
1265;1211
1211;1265
465,771;731
465,771;446
465,771;1326
1027,477;675
1027,477;181
675,181;1027
675,181;477
1073,903;627
1073,903;955
1073,903;731
256;1269
1269;256
883,1243,310;1113
883,1243,310;178
883,1243,310;1188
883,1243,310;1233
1113,178,1188,1233;883
1113,178,1188,1233;1243
1113,178,1188,1233;310
241;277
277;241
161,188,598;779
161,188,598;879
81,841,1150;731
81,841,1150;1196
81,841,1150;1343
788;667
667;788
138;1061
1061;138
528;209
209;528
138;1305
1305;138
1066;846
1120,324,310;128
1120,324,310;994
1120,324,310;1188
128,994,1188;1120
128,994,1188;324
128,994,1188;310
554,75;409
554,75;922
1150,1135;409
1150,1135;731
1332,1150;904
1332,1150;731
902,687;731
902,687;861
731,861;902
731,861;687
362,247;419
362,247;1214
465,771;1282
465,771;731
465,771;446
96,668;681
96,668;278
681,278;96
681,278;668
850,517;805
850,517;310
805,310;850
805,310;517
848,605;886
848,605;1159
665,675;146
665,675;607
18,701;1112
18,701;814
1112,814;18
1112,814;701
1322,156;578
1322,156;340
257;301
301;257
92;43
43;92
842,955;789
842,955;165
1131,588;886
1131,588;799
886,799;1131
886,799;588
1120,11,310;128
1120,11,310;1243
1120,11,310;1188
578,1071,1111,31;965
578,1071,1111,31;197
578,1071,1111,31;990
1120,675,911,310,218;128
1120,675,911,310,218;1188
1120,675,911,310,218;1114
1120,675,911,310,218;477
1120,675,911,310,218;894
81,275,1150;731
81,275,1150;1148
81,275,1150;1343
1233,1188,805;850
1233,1188,805;883
40,1322;1124
40,1322;340
899,1182;1188
899,1182;565
899,1182;1060
1050,899,775;608
1050,899,775;1188
1050,899,775;565
1050,899,775;141
834,483;749
834,483;498
834,483;1061
161,551;291
161,551;460
291,460;161
291,460;551
1346,5,471;416
1346,5,471;415
1346,5,471;1119
30;0
0;30
73;208
208;73
1109;540
540;1109
320;269
269;320
1014;254
254;1014
1256,675,1120;128
1256,675,1120;1061
1256,675,1120;477
557;691
771,940,29;842
771,940,29;731
771,940,29;446
771,940,29;15
1120,675,911,310,991;128
1120,675,911,310,991;1188
1120,675,911,310,991;775
1120,675,911,310,991;1114
1120,675,911,310,991;477
623;800
623;887
800,887;623
771;394
394;771
632;586
586;632
944,1028;972
944,1028;1350
1350,771,1150;842
1350,771,1150;731
1350,771,1150;1028
1350,771,1150;446
397;800
397;507
800,507;397
1252;1207
1207;1252
1306;800
1306;887
800,887;1306
144,731;282
144,731;1188
282,1188;144
282,1188;731
771,326;731
771,326;446
771,326;1251
1163,631;804
1163,631;1310
142;787
787;142
338,691,1150;1008
338,691,1150;1307
338,691,1150;731
1008,1307,731;338
1008,1307,731;691
1008,1307,731;1150
771;895
895;771
705;928
928;705
1089,1155;584
1089,1155;1126
1210,771,940;842
1210,771,940;731
1210,771,940;1237
1210,771,940;446
687,199;731
687,199;158
731,158;687
731,158;199
545;356
356;545
205;531
592,995;192
592,995;1210
592,995;731
1112,732;1098
1112,732;795
1112,732;687
1120,675,295,911,310;128
1120,675,295,911,310;1114
1120,675,295,911,310;1188
1120,675,295,911,310;477
1111,1071,430,31;449
1111,1071,430,31;395
1111,1071,430,31;197
1111,1071,430,31;990
1346,1155,1221;584
1346,1155,1221;101
1346,1155,1221;5
1346,1221;5
1346,1221;909
1150,551;313
1150,551;842
1349;596
596;1349
81,828,886;138
81,828,886;971
81,828,886;1343
1,972;944
1,972;29
944,29;1
944,29;972
879,1359;731
879,1359;790
879,1359;1259
1012;1154
1154;1012
1229;681
681;1229
1112,396;1098
1112,396;795
1112,396;687
100,687;144
100,687;731
144,731;100
144,731;687
83;449
449;83
432,940;466
432,940;741
393,771,886;904
393,771,886;922
393,771,886;259
651,15;618
651,15;886
276,189;616
276,189;1188
276,189;980
264,731;161
264,731;291
1187,899;565
1187,899;223
565,223;1187
565,223;899
972;1040
1040;972
1120,956;128
1120,956;1113
1120,956;1061
858,291;1201
858,291;1150
858,291;1255
858,291,790;620
858,291,790;1150
858,291,790;1255
417;70
70;417
214,470;602
214,470;1131
602,1131;214
602,1131;470
722,139;1155
722,139;916
1155,916;722
1155,916;139
603,1150;842
603,1150;508
1120,675,654,911,310;128
1120,675,654,911,310;1188
1120,675,654,911,310;1114
1120,675,654,911,310;477
1120,675,654,911,310;894
675,823;477
675,823;607
477,607;675
477,607;823
862,1150;1104
862,1150;29
252,310,911;1114
252,310,911;492
252,310,911;866
1138,1047;1090
1138,1047;731
1138,1047;1171
990;691
675,550;960
675,550;607
911,1279;1114
911,1279;983
1162,731;138
1162,731;813
944,391;420
944,391;972
420,972;944
420,972;391
640,751;1176
640,751;137
640,751;731
1176,137,731;640
1176,137,731;751
191;226
262;316
316;262
899,87;1188
899,87;565
899,87;615
1336,771,731;922
1336,771,731;724
451,1047;784
451,1047;726
784,726;451
784,726;1047
944,643;972
944,643;373
972,373;944
972,373;643
1120,1026,310;128
1120,1026,310;1188
1120,1026,310;1205
848,676;886
848,676;7
1187,310;608
1187,310;60
126;412
162,771,588;401
162,771,588;842
162,771,588;731
162,771,588;446
588,1150;731
588,1150;1045
588,1150;886
848,916;139
848,916;1213
1346,1155,5,239,699;674
1346,1155,5,239,699;722
1346,1155,5,239,699;179
1346,1155,5,239,699;1119
1346,1155,5,239,699;415
1280,1113;874
1280,1113;1243
874,1243;1280
874,1243;1113
1150,215;1336
1150,215;385
1150,215;731
1150,231;1336
1150,231;730
1150,231;731
944,330,731;289
944,330,731;972
944,330,731;687
289,972,687;944
289,972,687;330
289,972,687;731
1120,675,357;128
1120,675,357;1061
1120,675,357;1022
578,1071,1111,31;1017
578,1071,1111,31;197
578,1071,1111,31;990
588;907
907;588
1008,898,731;691
1008,898,731;815
138;1169
1169;138
151;195
1112,1239;1097
1112,1239;1038
161,653,1150;291
161,653,1150;29
161,653,1150;686
881,1150;130
881,1150;842
770,1150;842
770,1150;364
691,927;728
691,927;1008
691,927;731
966;926
926;966
771,979;137
771,979;731
771,979;446
1158,1150;842
1158,1150;1054
608,374;696
608,374;842
696,842;608
696,842;374
1063;947
1282,1150;1178
1282,1150;731
1282,1150;780
65;118
118;65
600,81;731
600,81;1343
600,81;863
731,1343,863;600
731,1343,863;81
1125;1166
1166;1125
691,454;1008
691,454;731
691,454;1357
1008,731,1357;691
1008,731,1357;454
764;768
764;298
868,1317;864
868,1317;0
691,1253,1150;1008
691,1253,1150;731
691,1253,1150;1045
81,1253,1150;731
81,1253,1150;1045
81,1253,1150;1343
1185,1150;576
1185,1150;842
1274;1173
1173;1274
1008,731,765;1043
1008,731,765;691
1061,310;532
532;1061
532;310
1274;61
61;1274
1025;177
1008,731,1085;691
1008,731,1085;773
892;936
936;892
1008,401,731,553;138
1008,401,731,553;690
1008,401,731,553;691
1008,401,731,553;886
1008,401,731,553;1150
479;430
1027,1188,1055;1240
1027,1188,1055;675
1027,1188,1055;1061
585,604;698
585,604;860
585,604;138
81,1020;306
81,1020;731
81,1020;1343
1008,161,731;291
1008,161,731;691
675,1334;968
675,1334;607
848,821;51
848,821;886
361;803
695;361
409,1150;842
409,1150;924
347,1188,1149;530
347,1188,1149;731
347,1188,1149;854
570,675;520
570,675;607
904,1150;842
904,1150;949
666,1150;842
666,1150;639
193,1150;1192
193,1150;842
1113,569;360
1113,569;169
360,169;1113
360,169;569
848,37;54
848,37;886
606,1150;842
606,1150;422
1150,510;842
1150,510;333
1008,161,731,702;691
1008,161,731,702;1253
1008,161,731,702;1150
729,1150;842
729,1150;211
974;645
1266;698
1266;1150
698,1150;1266
1210,214;1033
1210,214;961
1210,214;1150
1033,961,1150;1210
1033,961,1150;214
492;686
686;492
771,861,886;904
771,861,886;922
771,861,886;811
904,922,811;771
904,922,811;861
904,922,811;886
1136,899;1298
1136,899;1188
1136,899;565
595;900
900;595
731,358;153
731,358;29
998,471;82
998,471;1254
944,30;0
944,30;972
0,972;944
0,972;30
66,778;731
66,778;886
66,778;927
1346,239;568
1346,239;415
409;184
184;409
480,81;275
480,81;731
480,81;1343
681,771;986
681,771;731
681,771;446
609;759
759;609
259;8
1214;1009
790,1359;858
790,1359;731
790,1359;1259
969,961;837
969,961;486
837,486;969
837,486;961
1120,537,310;128
1120,537,310;994
1120,537,310;1188
1340,1150;1138
1340,1150;796
1144;81
81;1144
842,1093;856
842,1093;801
1346,1155,5,597,699;722
1346,1155,5,597,699;179
1346,1155,5,597,699;248
1346,1155,5,597,699;1119
1346,1155,5,597,699;415
771,780;354
771,780;731
771,780;446
354,731,446;771
354,731,446;780
596;910
910;596
1120,960,675,911,310;128
1120,960,675,911,310;1188
1120,960,675,911,310;1114
1120,960,675,911,310;477
1120,960,675,911,310;894
124;260
161,185;731
161,185;205
336,123;164
336,123;174
164,174;336
164,174;123
1027,1188,629;516
1027,1188,629;1061
516,1061;1027
516,1061;1188
516,1061;629
691,974,1150;1008
691,974,1150;731
691,974,1150;915
871;832
832;871
202,731,1343;81
202,731,1343;182
81,978;731
81,978;244
81,978;1343
731,244,1343;81
731,244,1343;978
726,1087;125
726,1087;878
726,1087;1071
1233,11,1188;993
1233,11,1188;883
1120,675,911,243,310;128
1120,675,911,243,310;1114
1120,675,911,243,310;1188
1120,675,911,243,310;477
588,1277;142
588,1277;731
588,1277;886
162,731;440
440;162
440;731
1112,715;657
1112,715;1139
822;1184
1184;822
289;135
1008,819,731;410
1008,819,731;691
268;45
554,731,1150;113
554,731,1150;29
1113,123,1188;1243
1113,123,1188;885
435;970
1008;56
1120,844;128
1120,844;1188
1120,844;629
128,1188,629;1120
128,1188,629;844
641,1150;731
641,1150;915
641,1150;93
258;512
512;258
642,675;745
642,675;607
848,855;443
848,855;886
988,895;1356
988,895;78
988,895;526
1356,78,526;988
1356,78,526;895
214;1150
214;1255
1235,663;88
1235,663;1169
1235,663;27
1235,663;1071
801,1150;1340
801,1150;796
558;512
512;558
267,1071,1111,31;197
267,1071,1111,31;990
267,1071,1111,31;957
961,173;837
961,173;214
837,214;961
837,214;173
284;328
169,455;569
169,455;940
825,169;940
825,169;134
940,134;825
940,134;169
148,197;509
148,197;61
128,11,1188;1120
128,11,1188;993
81,91,1150;731
81,91,1150;1053
81,91,1150;1343
731,684;784
731,684;138
1017,1071,1111,31;253
1017,1071,1111,31;197
1017,1071,1111,31;990
1346,412,5;82
1346,412,5;1115
1346,412,5;415
401,731;138
401,731;588
390;421
421;390
731;1188
977;1100
771,36;731
771,36;172
771,36;446
1112,1183;170
1112,1183;837
1353,769;1210
1353,769;802
1210,802;1353
1210,802;769
228;1150
228;55
161,751;731
161,751;1150
161,751;1054
525,1319;880
525,1319;621
161,783,1008,401,731;458
161,783,1008,401,731;138
161,783,1008,401,731;691
161,783,1008,401,731;886
161,783,1008,401,731;1150
538,691;1008
538,691;138
538,691;915
1008,833,1255;888
1008,833,1255;825
1008,833,1255;691
161,747,1008,401,731;707
161,747,1008,401,731;138
161,747,1008,401,731;691
161,747,1008,401,731;886
161,747,1008,401,731;1150
2;352
352;2
1061,310;1050
1061,310;1188
1050,1188;1061
1050,1188;310
81,538;731
81,538;604
81,538;1343
731,604,1343;81
731,604,1343;538
1352;1029
882;679
1224;332
408,1071,31;48
408,1071,31;990
1272;1226
1226;1272
152,911;696
152,911;1114
696,1114;152
696,1114;911
842,1227;817
842,1227;1357
817,1357;842
817,1357;1227
944,649,1;521
944,649,1;972
944,649,1;29
521,972,29;944
521,972,29;649
521,972,29;1
466,1317;864
466,1317;287
864,287;466
864,287;1317
886,771,118;904
886,771,118;922
886,771,118;1109
904,922,1109;886
904,922,1109;771
904,922,1109;118
1150;247
247;1150
832,771,886;904
832,771,886;922
832,771,886;1103
904,922,1103;832
904,922,1103;771
904,922,1103;886
1188,181;1061
1188,181;1070
537,1188,310;324
324;537
324;1188
324;310
81,182;202
81,182;731
81,182;1343
1195;1137
676;568
568;676
1002,247;121
1002,247;1212
1002,247;1116
794;1093
771,1150,807;842
771,1150,807;731
771,1150,807;446
771,1150,807;767
949;1136
1136;949
1050,899,477;608
1050,899,477;529
1050,899,477;1188
1050,899,477;565
1267,223;33
1267,223;763
128,938,1188;1120
128,938,1188;852
1120,852;128
1120,852;938
1120,852;1188
769,649;521
769,649;802
538,523;344
538,523;93
344,93;538
344,93;523
310,255;946
946;310
946;255
1008,1150,547,731;569
1008,1150,547,731;691
1008,1150,547,731;29
1120,675,968,310,1051;128
1120,675,968,310,1051;3
1120,675,968,310,1051;1188
1120,675,968,310,1051;517
1120,675,968,310,1051;477
187;313
313;187
1120,993;128
1120,993;11
1120,993;1188
1112,1106;1353
1112,1106;741
1346,1155,5,1035,699;581
1346,1155,5,1035,699;722
1346,1155,5,1035,699;179
1346,1155,5,1035,699;1119
1346,1155,5,1035,699;415
242,940;169
242,940;154
394,748;203
394,748;743
1039,247;1268
1039,247;1141
731,422,1150;208
731,422,1150;29
948;910
162,1348;1122
162,1348;1303
1122,1303;162
1122,1303;1348
1222;111
111;1222
1047,735;856
1047,735;329
856,329;1047
856,329;735
1176;652
652;1176
848,931;634
848,931;139
